max_d: 37.5606310516743
max_h: 28.301
max_l: 26.451999999999998
max_v: 9597.846643350002
max_w: 34.122
